Outdoor Air Drybulb Temperature [C](Hourly),Outdoor Air Relative Humidity [%](Hourly),Site Wind Speed [m/s](Hourly),Incident Solar Radiation Rate per Area [W/m2](Hourly),Outdoor Dewpoint Temperature [C](Hourly)
26.8,20.9,0.6,0,2.6
26.6,18.3,1.1,0,0.5
24.8,24.3,0.5,0,3
22.5,31.9,0.5,0,4.9
25.1,19.1,0.8,0,-0.1
21.9,31.4,0.3,11.11111111,4.1
24.7,32.6,0.2,161.1111111,7.2
28.1,28.5,0.4,361.1111111,8.1
31.9,15,0.4,561.1111111,2
33.2,12.2,0.8,733.3333333,0.2
34.8,10.7,0.8,861.1111111,-0.3
35.1,10.6,1.7,936.1111111,-0.2
35.8,10.4,1.7,963.8888889,0
36.9,10.6,1.7,944.4444444,1
37.5,9.8,2,863.8888889,0.6
38.2,9.9,1.9,738.8888889,1.1
38.3,9.9,1.8,563.8888889,1.3
38.3,9.8,1.6,369.4444444,1
37.6,10.4,1.2,166.6666667,1.4
35.6,11.2,0.7,19.44444444,0.9
32.9,16.4,1.3,0,3.9
33,12.6,2.4,0,0.4
32,12.8,1.7,0,-0.1
31.2,12.9,2.1,0,-0.5
29,17.4,0.8,0,1.6
24.7,36.7,0.3,0,8.7
23.5,38.6,0.4,0,8.5
23.7,36,0.3,0,7.7
21.9,42,0.2,0,8.4
21.8,42.6,0.2,11.11111111,8.5
24.6,45.2,0.2,150,11.9
29.6,35.9,0.4,344.4444444,12.8
32,26,0.6,513.8888889,10.1
33.4,22.5,0.9,700,9.1
34.2,21,0.9,827.7777778,8.8
34.7,21,1.4,913.8888889,9.2
35.4,18.6,1.3,752.7777778,7.9
36.5,17,1.5,886.1111111,7.5
37,15.8,2.1,855.5555556,6.8
37.6,15.4,2,719.4444444,6.9
37.8,16.4,1.8,544.4444444,8.1
37.9,15.4,1.6,352.7777778,7.2
37.7,14.7,0.9,161.1111111,6.4
34.6,19.8,0.4,22.22222222,8.1
32.8,22.9,3.9,0,8.8
31.3,26.5,2.7,0,9.8
29.3,31.1,0.7,0,10.4
28.8,32.7,0.5,0,10.7
28.3,33.7,0.8,0,10.8
27.7,35.2,0.9,0,10.9
24.8,48.7,0.2,0,13.2
24.1,49.7,0.2,0,12.9
24.1,48.3,0.2,0,12.4
24.5,47.1,0.2,8.333333333,12.5
25.7,51.2,0.2,91.66666667,14.9
30,39.7,0.3,325,14.5
33,26,0.8,472.2222222,10.9
33.6,24.9,1.1,633.3333333,10.8
35.6,20.9,1,830.5555556,9.8
36.9,19.4,1.2,900,9.8
37.8,17.6,1.8,941.6666667,9
38.5,16.4,2.8,922.2222222,8.6
39.3,14.8,3.4,850,7.7
39.8,13.4,3.4,722.2222222,6.6
40,11.9,3.2,550,5.1
39.9,11.9,3.1,352.7777778,5
39.3,11.8,2.6,161.1111111,4.4
37.2,14.4,1.7,16.66666667,5.7
33.5,22.5,0.7,0,9
32.7,23,0.9,0,8.7
34,18.6,1.9,0,6.8
32,23.7,0.8,0,8.6
27.2,40.2,0.2,0,12.5
30.9,22.5,1.5,0,7
30.1,23.7,0.8,0,7.1
25.6,39.8,0.2,0,10.8
24.4,38.8,0.2,0,9.4
23.7,45.6,0.2,8.333333333,11.3
25.8,43.8,0.4,138.8888889,12.5
29.8,33.1,0.9,327.7777778,11.7
32.6,22.4,1,530.5555556,8.3
33.4,17.6,1.7,705.5555556,5.6
35.6,15.6,1.3,838.8888889,5.5
37.1,15.2,1.3,927.7777778,6.4
38.1,15.5,2.1,955.5555556,7.4
39.1,14.2,2.2,936.1111111,6.9
40,12.9,2.8,858.3333333,6.3
40.6,11.7,2.9,733.3333333,5.3
40.7,10.8,2.7,561.1111111,4.2
40.5,10.6,2.7,366.6666667,3.8
39.8,10.3,2.4,166.6666667,2.9
38.3,11.1,2.3,16.66666667,2.8
36.4,12.5,2.7,0,3
35.2,12.5,2.6,0,2.1
34.5,12.6,2.2,0,1.6
33.2,12.3,1.3,0,0.4
30.9,16.5,0.9,0,2.5
29.9,16,0.7,0,1.2
27,26.6,0.3,0,5.9
24,35.3,0.3,0,7.7
23.1,38.7,0.3,0,8.3
23.5,40.2,0.3,11.11111111,9.2
26.7,32.6,0.3,138.8888889,8.9
30.8,26.1,0.4,350,9
34.6,14.9,0.6,558.3333333,4.1
35.7,12.8,0.7,727.7777778,2.8
37.4,10.2,0.7,861.1111111,1
38.6,9.9,1,894.4444444,1.4
39.3,10,0.8,830.5555556,2.1
40.2,10.8,1.4,944.4444444,3.8
41.3,10.3,1.5,869.4444444,4
41.3,9.4,2.4,738.8888889,2.7
41.1,8.8,2.6,577.7777778,1.7
40.9,8,2.6,386.1111111,0.1
40.2,8.2,2.5,188.8888889,0
38.7,9.2,2.2,25,0.4
36.6,11.4,1.6,0,1.9
34.3,15.2,0.7,0,3.9
29.2,30.2,0.2,0,9.7
26.9,33.8,0.3,0,9.6
29.6,23.2,0.3,0,6.3
27.9,31.1,0.4,0,9.1
24.8,41.1,0.2,0,10.6
24.3,46.2,0.3,0,12
26.5,31.7,0.5,0,8.3
25.3,35,0.3,11.11111111,8.7
26.5,31.9,0.5,133.3333333,8.4
30.5,21.4,1.5,341.6666667,5.9
33.8,14.6,0.8,486.1111111,3.1
35.1,12.3,0.4,447.2222222,1.8
35.3,13.6,0.5,511.1111111,3.4
37.7,11.7,0.9,911.1111111,3.1
38.2,12.4,1.4,986.1111111,4.3
39.1,11.7,1.4,908.3333333,4.2
39.3,11.3,2.4,811.1111111,3.9
39.8,10.8,1.7,655.5555556,3.6
40,10.5,1.7,511.1111111,3.3
39.5,10.5,2.6,361.1111111,2.9
38.1,11.7,3,163.8888889,3.4
36.8,10.6,1.9,19.44444444,1.1
35.1,10.6,2.5,0,-0.3
33.5,12,1.8,0,0.2
32.2,12.7,1.2,0,0
27.8,27.6,0.3,0,7.3
